((1, 0, 0), (1, 0, 0)) 4.259721596545409e-06
((1, 0, 0), (2, 0, 0)) 2.2212990218165304e-06
((1, 0, 0), (3, 0, 0)) 2.2212990296763007e-06
((2, 0, 0), (1, 0, 0)) 2.221299021816531e-06
((2, 0, 0), (2, 0, 0)) 3.3329572817857175e-06
((2, 0, 0), (3, 0, 0)) 3.332031566048739e-06
((3, 0, 0), (1, 0, 0)) 2.2212990296763007e-06
((3, 0, 0), (2, 0, 0)) 3.3320315660487383e-06
((3, 0, 0), (3, 0, 0)) 3.3329572635723535e-06
((1, 0, 0), (0, 0, 0)) 0.00012887489450744567
((2, 0, 0), (0, 0, 0)) 0.00013400754130288149
((3, 0, 0), (0, 0, 0)) 0.00013400751789171398
((0, 0, 0), (1, 0, 0)) 0.00012887489450744567
((0, 0, 0), (2, 0, 0)) 0.00013400754130288149
((0, 0, 0), (3, 0, 0)) 0.00013400751789171398
((0, 0, 0), (0, 0, 0)) 0.022075671388987916
((1, 0, 0), (0, 1, 0)) 0.00015414657976101922
((2, 0, 0), (0, 1, 0)) 0.00016028570471736712
((3, 0, 0), (0, 1, 0)) 0.00016028569046559838
((0, 1, 0), (1, 0, 0)) 0.00015414657976101917
((0, 1, 0), (2, 0, 0)) 0.00016028570471736706
((0, 1, 0), (3, 0, 0)) 0.0001602856904655983
((0, 1, 0), (0, 1, 0)) 0.019252730894700122
((0, 1, 0), (0, 0, 0)) 0.013632789659446686
((0, 0, 0), (0, 1, 0)) 0.013632789659446688
((1, 0, 0), (0, 2, 0)) 0.0001772090789855136
((2, 0, 0), (0, 2, 0)) 0.00018429463308409746
((3, 0, 0), (0, 2, 0)) 0.0001842946279917275
((0, 2, 0), (1, 0, 0)) 0.00017720907898551358
((0, 2, 0), (2, 0, 0)) 0.00018429463308409746
((0, 2, 0), (3, 0, 0)) 0.0001842946279917275
((0, 2, 0), (0, 2, 0)) 0.019177894018519506
((0, 2, 0), (0, 0, 0)) 0.013654308022560189
((0, 0, 0), (0, 2, 0)) 0.01365430802256019
((0, 2, 0), (0, 1, 0)) 0.016331847117666397
((0, 1, 0), (0, 2, 0)) 0.01633184711766639
((1, 1, 1), (1, 1, 1)) 1.8350694685617592e-06
((1, 1, 1), (2, 1, 1)) 9.28691853897026e-07
((1, 1, 1), (3, 1, 1)) 9.286918525184507e-07
((2, 1, 1), (1, 1, 1)) 9.286918538970261e-07
((2, 1, 1), (2, 1, 1)) 1.3990757187006975e-06
((2, 1, 1), (3, 1, 1)) 1.3987732906777087e-06
((3, 1, 1), (1, 1, 1)) 9.286918525184506e-07
((3, 1, 1), (2, 1, 1)) 1.398773290677708e-06
((3, 1, 1), (3, 1, 1)) 1.3990757183692315e-06
((1, 1, 1), (0, 0, 1)) 8.055946567298192e-05
((2, 1, 1), (0, 0, 1)) 8.311589148848303e-05
((3, 1, 1), (0, 0, 1)) 8.311588252520757e-05
((0, 0, 1), (1, 1, 1)) 8.055946567298184e-05
((0, 0, 1), (2, 1, 1)) 8.311589148848298e-05
((0, 0, 1), (3, 1, 1)) 8.31158825252075e-05
((0, 0, 1), (0, 0, 1)) 0.021950099931805953
((1, 1, 1), (0, 1, 1)) 9.635675053049142e-05
((2, 1, 1), (0, 1, 1)) 9.941447529104392e-05
((3, 1, 1), (0, 1, 1)) 9.941446983456555e-05
((0, 1, 1), (1, 1, 1)) 9.63567505304913e-05
((0, 1, 1), (2, 1, 1)) 9.941447529104381e-05
((0, 1, 1), (3, 1, 1)) 9.941446983456543e-05
((0, 1, 1), (0, 1, 1)) 0.019143212897804223
((0, 1, 1), (0, 0, 1)) 0.01355524216886807
((0, 0, 1), (0, 1, 1)) 0.013555242168868071
((1, 1, 1), (0, 2, 1)) 0.00011071093892803469
((2, 1, 1), (0, 2, 1)) 0.00011422509017535687
((3, 1, 1), (0, 2, 1)) 0.0001142250882256756
((0, 2, 1), (1, 1, 1)) 0.0001107109389280346
((0, 2, 1), (2, 1, 1)) 0.00011422509017535683
((0, 2, 1), (3, 1, 1)) 0.00011422508822567554
((0, 2, 1), (0, 2, 1)) 0.01903830005411574
((0, 2, 1), (0, 0, 1)) 0.013565789604556174
((0, 0, 1), (0, 2, 1)) 0.013565789604556174
((0, 2, 1), (0, 1, 1)) 0.01622596988348545
((0, 1, 1), (0, 2, 1)) 0.016225969883485444
((1, 1, 1), (1, 0, 0)) 3.976116695601881e-07
((2, 1, 1), (1, 0, 0)) 3.976116695601881e-07
((3, 1, 1), (1, 0, 0)) 3.976116695601881e-07
((1, 1, 1), (2, 0, 0)) 3.76831657103424e-07
((2, 1, 1), (2, 0, 0)) 3.7683165710342404e-07
((3, 1, 1), (2, 0, 0)) 3.76831657103424e-07
((1, 1, 1), (3, 0, 0)) 3.7683165827637e-07
((2, 1, 1), (3, 0, 0)) 3.7683165827637007e-07
((3, 1, 1), (3, 0, 0)) 3.7683165827637e-07
((1, 1, 1), (1, 0, 1)) 2.07556861359662e-06
((2, 1, 1), (1, 0, 1)) 2.150019863020824e-06
((3, 1, 1), (1, 0, 1)) 2.1500198604942117e-06
((1, 1, 1), (2, 0, 1)) 1.8025141387899011e-06
((2, 1, 1), (2, 0, 1)) 1.821706451318539e-06
((3, 1, 1), (2, 0, 1)) 1.8217234930715148e-06
((1, 1, 1), (3, 0, 1)) 1.8025141551268448e-06
((2, 1, 1), (3, 0, 1)) 1.8217235119350707e-06
((3, 1, 1), (3, 0, 1)) 1.8217064670150587e-06
((1, 0, 0), (1, 1, 1)) 3.97611669560188e-07
((1, 0, 0), (2, 1, 1)) 3.9761166956018793e-07
((1, 0, 0), (3, 1, 1)) 3.97611669560188e-07
((2, 0, 0), (1, 1, 1)) 3.7683165710342383e-07
((2, 0, 0), (2, 1, 1)) 3.768316571034238e-07
((2, 0, 0), (3, 1, 1)) 3.7683165710342383e-07
((3, 0, 0), (1, 1, 1)) 3.7683165827637e-07
((3, 0, 0), (2, 1, 1)) 3.7683165827636996e-07
((3, 0, 0), (3, 1, 1)) 3.7683165827637e-07
((1, 0, 0), (1, 0, 1)) 2.0314956258275805e-06
((2, 0, 0), (1, 0, 1)) 1.7166607538721507e-06
((3, 0, 0), (1, 0, 1)) 1.7166607574128338e-06
((1, 0, 0), (2, 0, 1)) 2.359180067948424e-06
((2, 0, 0), (2, 0, 1)) 2.5205523983868175e-06
((3, 0, 0), (2, 0, 1)) 2.520402561992238e-06
((1, 0, 0), (3, 0, 1)) 2.359180036517418e-06
((2, 0, 0), (3, 0, 1)) 2.520402527020549e-06
((3, 0, 0), (3, 0, 1)) 2.5205523594211005e-06
((1, 0, 1), (1, 1, 1)) 2.0755686135966183e-06
((1, 0, 1), (2, 1, 1)) 2.1500198630208234e-06
((1, 0, 1), (3, 1, 1)) 2.1500198604942105e-06
((1, 0, 1), (1, 0, 0)) 2.031495625827581e-06
((1, 0, 1), (2, 0, 0)) 1.7166607538721511e-06
((1, 0, 1), (3, 0, 0)) 1.716660757412834e-06
((1, 0, 1), (1, 0, 1)) 9.311303561266118e-06
((1, 0, 1), (2, 0, 1)) 4.79158751607349e-06
((1, 0, 1), (3, 0, 1)) 4.791587556991022e-06
((2, 0, 1), (1, 1, 1)) 1.8025141387899e-06
((2, 0, 1), (2, 1, 1)) 1.821706451318539e-06
((2, 0, 1), (3, 1, 1)) 1.8217234930715144e-06
((2, 0, 1), (1, 0, 0)) 2.359180067948424e-06
((2, 0, 1), (2, 0, 0)) 2.5205523983868175e-06
((2, 0, 1), (3, 0, 0)) 2.5204025619922376e-06
((2, 0, 1), (1, 0, 1)) 4.791587516073493e-06
((2, 0, 1), (2, 0, 1)) 6.930799404093573e-06
((2, 0, 1), (3, 0, 1)) 6.928874272546674e-06
((3, 0, 1), (1, 1, 1)) 1.8025141387899e-06
((3, 0, 1), (2, 1, 1)) 1.821706451318539e-06
((3, 0, 1), (3, 1, 1)) 1.8217234930715144e-06
((3, 0, 1), (1, 0, 0)) 2.359180067948424e-06
((3, 0, 1), (2, 0, 0)) 2.5205523983868175e-06
((3, 0, 1), (3, 0, 0)) 2.5204025619922376e-06
((3, 0, 1), (1, 0, 1)) 4.791587516073493e-06
((3, 0, 1), (2, 0, 1)) 6.930799404093573e-06
((3, 0, 1), (3, 0, 1)) 6.928874272546674e-06
((1, 1, 1), (0, 0, 0)) 3.481204675889991e-05
((2, 1, 1), (0, 0, 0)) 3.481204675889991e-05
((3, 1, 1), (0, 0, 0)) 3.481204675889991e-05
((1, 0, 0), (0, 0, 1)) 5.8611159189968145e-05
((2, 0, 0), (0, 0, 1)) 5.6044835792250236e-05
((3, 0, 0), (0, 0, 1)) 5.604484749783399e-05
((1, 0, 1), (0, 0, 1)) 0.0002194499304663791
((1, 0, 1), (0, 0, 0)) 0.00012039436368730572
((2, 0, 1), (0, 0, 1)) 0.00018208734522503285
((2, 0, 1), (0, 0, 0)) 0.00017232057503066892
((3, 0, 1), (0, 0, 1)) 0.00018208734522503285
((3, 0, 1), (0, 0, 0)) 0.00017232057503066892
((0, 0, 1), (1, 0, 0)) 5.8611159189968145e-05
((0, 0, 1), (2, 0, 0)) 5.604483579225024e-05
((0, 0, 1), (3, 0, 0)) 5.604484749783399e-05
((0, 0, 1), (1, 0, 1)) 0.000219449930466379
((0, 0, 1), (2, 0, 1)) 0.00018208734522503277
((0, 0, 1), (3, 0, 1)) 0.00018208750415210894
((0, 0, 0), (1, 1, 1)) 3.4812046758899885e-05
((0, 0, 0), (2, 1, 1)) 3.481204675889988e-05
((0, 0, 0), (3, 1, 1)) 3.4812046758899885e-05
((0, 0, 0), (1, 0, 1)) 0.00012039436368730568
((0, 0, 0), (2, 0, 1)) 0.00017232057503066884
((0, 0, 0), (3, 0, 1)) 0.00017232035348320002
((0, 0, 1), (0, 0, 0)) 0.012991306760825775
((0, 0, 0), (0, 0, 1)) 0.012991306760825778
((1, 1, 1), (0, 1, 0)) 4.1638504353124934e-05
((2, 1, 1), (0, 1, 0)) 4.1638504353124934e-05
((3, 1, 1), (0, 1, 0)) 4.1638504353124934e-05
((1, 0, 0), (0, 1, 1)) 7.010449653442044e-05
((2, 0, 0), (0, 1, 1)) 6.703493405624649e-05
((3, 0, 0), (0, 1, 1)) 6.703494118213086e-05
((1, 0, 1), (0, 1, 1)) 0.0002624829004292266
((1, 0, 1), (0, 1, 0)) 0.00014400305978135174
((2, 0, 1), (0, 1, 1)) 0.0002177937557694934
((2, 0, 1), (0, 1, 0)) 0.0002061116625107717
((3, 0, 1), (0, 1, 1)) 0.0002177937557694934
((3, 0, 1), (0, 1, 0)) 0.0002061116625107717
((0, 1, 1), (1, 0, 0)) 7.010449653442041e-05
((0, 1, 1), (2, 0, 0)) 6.703493405624646e-05
((0, 1, 1), (3, 0, 0)) 6.703494118213083e-05
((0, 1, 1), (1, 0, 1)) 0.0002624829004292264
((0, 1, 1), (2, 0, 1)) 0.00021779375576949325
((0, 1, 1), (3, 0, 1)) 0.0002177938525178479
((0, 1, 0), (1, 1, 1)) 4.163850435312488e-05
((0, 1, 0), (2, 1, 1)) 4.163850435312488e-05
((0, 1, 0), (3, 1, 1)) 4.163850435312488e-05
((0, 1, 0), (1, 0, 1)) 0.00014400305978135163
((0, 1, 0), (2, 0, 1)) 0.0002061116625107716
((0, 1, 0), (3, 0, 1)) 0.00020611152764166303
((0, 1, 1), (0, 1, 0)) 0.011330026374544593
((0, 1, 0), (0, 1, 1)) 0.011330026374544597
((0, 1, 1), (0, 0, 0)) 0.008022754926737782
((0, 1, 0), (0, 0, 1)) 0.008022754926737784
((0, 0, 1), (0, 1, 0)) 0.008022754926737784
((0, 0, 0), (0, 1, 1)) 0.008022754926737785
((1, 1, 1), (0, 2, 0)) 4.7737787497488884e-05
((2, 1, 1), (0, 2, 0)) 4.77377874974889e-05
((3, 1, 1), (0, 2, 0)) 4.773778749748889e-05
((1, 0, 0), (0, 2, 1)) 8.039751333311531e-05
((2, 0, 0), (0, 2, 1)) 7.685473628382336e-05
((3, 0, 0), (0, 2, 1)) 7.685473883000836e-05
((1, 0, 1), (0, 2, 1)) 0.00030159198989661203
((1, 0, 1), (0, 2, 0)) 0.0001651753817153724
((2, 0, 1), (0, 2, 1)) 0.00025007716460299716
((2, 0, 1), (0, 2, 0)) 0.00023677398651569882
((3, 0, 1), (0, 2, 1)) 0.00025007716460299716
((3, 0, 1), (0, 2, 0)) 0.00023677398651569882
((0, 2, 1), (1, 0, 0)) 8.039751333311531e-05
((0, 2, 1), (2, 0, 0)) 7.685473628382339e-05
((0, 2, 1), (3, 0, 0)) 7.685473883000836e-05
((0, 2, 1), (1, 0, 1)) 0.0003015919898966119
((0, 2, 1), (2, 0, 1)) 0.00025007716460299706
((0, 2, 1), (3, 0, 1)) 0.00025007719917263024
((0, 2, 0), (1, 1, 1)) 4.7737787497488843e-05
((0, 2, 0), (2, 1, 1)) 4.7737787497488843e-05
((0, 2, 0), (3, 1, 1)) 4.773778749748885e-05
((0, 2, 0), (1, 0, 1)) 0.00016517538171537235
((0, 2, 0), (2, 0, 1)) 0.00023677398651569874
((0, 2, 0), (3, 0, 1)) 0.00023677393832495047
((0, 2, 1), (0, 2, 0)) 0.011220131014361038
((0, 2, 0), (0, 2, 1)) 0.011220131014361041
((0, 2, 1), (0, 0, 0)) 0.008011995745181024
((0, 2, 0), (0, 0, 1)) 0.008011995745181025
((0, 0, 1), (0, 2, 0)) 0.008011995745181025
((0, 0, 0), (0, 2, 1)) 0.008011995745181025
((0, 2, 1), (0, 1, 0)) 0.009583104866247147
((0, 2, 0), (0, 1, 1)) 0.00958310486624715
((0, 1, 1), (0, 2, 0)) 0.009583104866247145
((0, 1, 0), (0, 2, 1)) 0.009583104866247145
((1, 2, 2), (1, 2, 2)) 3.7751837147325777e-07
((1, 2, 2), (2, 2, 2)) 2.3700446768496894e-07
((1, 2, 2), (3, 2, 2)) 2.3700446728644925e-07
((2, 2, 2), (1, 2, 2)) 2.370044676849689e-07
((2, 2, 2), (2, 2, 2)) 3.072825404393735e-07
((2, 2, 2), (3, 2, 2)) 3.0724029832033353e-07
((3, 2, 2), (1, 2, 2)) 2.3700446728644925e-07
((3, 2, 2), (2, 2, 2)) 3.072402983203336e-07
((3, 2, 2), (3, 2, 2)) 3.072825408378932e-07
((1, 2, 2), (1, 0, 0)) 1.5904466782407535e-07
((2, 2, 2), (1, 0, 0)) 1.5904466782407535e-07
((3, 2, 2), (1, 0, 0)) 1.5904466782407535e-07
((1, 2, 2), (2, 0, 0)) 1.507326628413697e-07
((2, 2, 2), (2, 0, 0)) 1.507326628413697e-07
((3, 2, 2), (2, 0, 0)) 1.507326628413697e-07
((1, 2, 2), (3, 0, 0)) 1.5073266331054814e-07
((2, 2, 2), (3, 0, 0)) 1.507326633105481e-07
((3, 2, 2), (3, 0, 0)) 1.5073266331054814e-07
((1, 0, 0), (1, 2, 2)) 1.590446678240753e-07
((1, 0, 0), (2, 2, 2)) 1.590446678240753e-07
((1, 0, 0), (3, 2, 2)) 1.590446678240753e-07
((2, 0, 0), (1, 2, 2)) 1.5073266284136965e-07
((2, 0, 0), (2, 2, 2)) 1.5073266284136965e-07
((2, 0, 0), (3, 2, 2)) 1.5073266284136968e-07
((3, 0, 0), (1, 2, 2)) 1.507326633105481e-07
((3, 0, 0), (2, 2, 2)) 1.507326633105481e-07
((3, 0, 0), (3, 2, 2)) 1.507326633105481e-07
((1, 2, 2), (0, 0, 0)) 1.3924818703559974e-05
((2, 2, 2), (0, 0, 0)) 1.3924818703559974e-05
((3, 2, 2), (0, 0, 0)) 1.3924818703559976e-05
((0, 0, 0), (1, 2, 2)) 1.3924818703559964e-05
((0, 0, 0), (2, 2, 2)) 1.3924818703559964e-05
((0, 0, 0), (3, 2, 2)) 1.3924818703559964e-05
((1, 2, 2), (0, 1, 0)) 1.6655401741249987e-05
((2, 2, 2), (0, 1, 0)) 1.6655401741249987e-05
((3, 2, 2), (0, 1, 0)) 1.6655401741249987e-05
((0, 1, 0), (1, 2, 2)) 1.665540174124997e-05
((0, 1, 0), (2, 2, 2)) 1.6655401741249966e-05
((0, 1, 0), (3, 2, 2)) 1.665540174124997e-05
((1, 2, 2), (0, 2, 0)) 1.909511499899557e-05
((2, 2, 2), (0, 2, 0)) 1.909511499899557e-05
((3, 2, 2), (0, 2, 0)) 1.909511499899557e-05
((0, 2, 0), (1, 2, 2)) 1.9095114998995555e-05
((0, 2, 0), (2, 2, 2)) 1.9095114998995555e-05
((0, 2, 0), (3, 2, 2)) 1.9095114998995555e-05
((1, 2, 2), (1, 1, 1)) 1.0929498136999995e-07
((2, 2, 2), (1, 1, 1)) 1.0929498136999996e-07
((3, 2, 2), (1, 1, 1)) 1.0929498136999996e-07
((1, 2, 2), (2, 1, 1)) 1.0433265008975017e-07
((2, 2, 2), (2, 1, 1)) 1.0433265008975017e-07
((3, 2, 2), (2, 1, 1)) 1.0433265008975017e-07
((1, 2, 2), (3, 1, 1)) 1.0433265033888068e-07
((2, 2, 2), (3, 1, 1)) 1.0433265033888066e-07
((3, 2, 2), (3, 1, 1)) 1.0433265033888068e-07
((1, 1, 1), (1, 2, 2)) 1.0929498137000003e-07
((1, 1, 1), (2, 2, 2)) 1.0929498137000002e-07
((1, 1, 1), (3, 2, 2)) 1.0929498137000003e-07
((2, 1, 1), (1, 2, 2)) 1.0433265008975022e-07
((2, 1, 1), (2, 2, 2)) 1.0433265008975022e-07
((2, 1, 1), (3, 2, 2)) 1.0433265008975022e-07
((3, 1, 1), (1, 2, 2)) 1.0433265033888072e-07
((3, 1, 1), (2, 2, 2)) 1.0433265033888072e-07
((3, 1, 1), (3, 2, 2)) 1.0433265033888072e-07
((1, 2, 2), (0, 0, 1)) 1.3927653675674006e-05
((2, 2, 2), (0, 0, 1)) 1.3927653675674008e-05
((3, 2, 2), (0, 0, 1)) 1.3927653675674008e-05
((0, 0, 1), (1, 2, 2)) 1.3927653675673991e-05
((0, 0, 1), (2, 2, 2)) 1.3927653675673991e-05
((0, 0, 1), (3, 2, 2)) 1.3927653675673991e-05
((1, 2, 2), (0, 1, 1)) 1.6658792799518172e-05
((2, 2, 2), (0, 1, 1)) 1.6658792799518175e-05
((3, 2, 2), (0, 1, 1)) 1.6658792799518172e-05
((0, 1, 1), (1, 2, 2)) 1.6658792799518148e-05
((0, 1, 1), (2, 2, 2)) 1.6658792799518148e-05
((0, 1, 1), (3, 2, 2)) 1.6658792799518148e-05
((1, 2, 2), (0, 2, 1)) 1.9130742950680985e-05
((2, 2, 2), (0, 2, 1)) 1.9130742950680985e-05
((3, 2, 2), (0, 2, 1)) 1.9130742950680985e-05
((0, 2, 1), (1, 2, 2)) 1.9130742950680965e-05
((0, 2, 1), (2, 2, 2)) 1.9130742950680965e-05
((0, 2, 1), (3, 2, 2)) 1.9130742950680965e-05
((1, 2, 2), (1, 0, 1)) 3.3893943618057266e-07
((2, 2, 2), (1, 0, 1)) 3.3893943618057266e-07
((3, 2, 2), (1, 0, 1)) 3.3893943618057266e-07
((1, 2, 2), (2, 0, 1)) 2.9824525220732746e-07
((2, 2, 2), (2, 0, 1)) 2.9824525220732746e-07
((3, 2, 2), (2, 0, 1)) 2.9824525220732746e-07
((1, 2, 2), (3, 0, 1)) 2.982452544436329e-07
((2, 2, 2), (3, 0, 1)) 2.982452544436329e-07
((3, 2, 2), (3, 0, 1)) 2.982452544436329e-07
((1, 0, 1), (1, 2, 2)) 3.389394361805724e-07
((1, 0, 1), (2, 2, 2)) 3.3893943618057234e-07
((1, 0, 1), (3, 2, 2)) 3.3893943618057234e-07
((2, 0, 1), (1, 2, 2)) 2.982452522073274e-07
((2, 0, 1), (2, 2, 2)) 2.9824525220732735e-07
((2, 0, 1), (3, 2, 2)) 2.982452522073274e-07
((3, 0, 1), (1, 2, 2)) 2.982452522073274e-07
((3, 0, 1), (2, 2, 2)) 2.9824525220732735e-07
((3, 0, 1), (3, 2, 2)) 2.982452522073274e-07
((0, 0, 2), (0, 0, 2)) 0.02195009993180596
((0, 1, 2), (0, 1, 2)) 0.019143212897804233
((0, 1, 2), (0, 0, 2)) 0.013555242168868074
((0, 0, 2), (0, 1, 2)) 0.013555242168868078
((0, 2, 2), (0, 2, 2)) 0.019038300054115748
((0, 2, 2), (0, 0, 2)) 0.01356578960455618
((0, 0, 2), (0, 2, 2)) 0.01356578960455618
((0, 2, 2), (0, 1, 2)) 0.016225969883485458
((0, 1, 2), (0, 2, 2)) 0.01622596988348545
((1, 0, 0), (1, 0, 2)) 2.031495625827582e-06
((2, 0, 0), (1, 0, 2)) 1.716660753872152e-06
((3, 0, 0), (1, 0, 2)) 1.7166607574128348e-06
((1, 0, 0), (2, 0, 2)) 2.3591800679484266e-06
((2, 0, 0), (2, 0, 2)) 2.52055239838682e-06
((3, 0, 0), (2, 0, 2)) 2.5204025619922406e-06
((1, 0, 0), (3, 0, 2)) 2.359180036517421e-06
((2, 0, 0), (3, 0, 2)) 2.5204025270205524e-06
((3, 0, 0), (3, 0, 2)) 2.520552359421104e-06
((1, 0, 2), (1, 0, 0)) 2.031495625827583e-06
((1, 0, 2), (2, 0, 0)) 1.716660753872153e-06
((1, 0, 2), (3, 0, 0)) 1.7166607574128357e-06
((1, 0, 2), (1, 0, 2)) 9.311303561266123e-06
((1, 0, 2), (2, 0, 2)) 4.791587516073491e-06
((1, 0, 2), (3, 0, 2)) 4.791587556991022e-06
((2, 0, 2), (1, 0, 0)) 2.3591800679484258e-06
((2, 0, 2), (2, 0, 0)) 2.520552398386819e-06
((2, 0, 2), (3, 0, 0)) 2.5204025619922393e-06
((2, 0, 2), (1, 0, 2)) 4.791587516073494e-06
((2, 0, 2), (2, 0, 2)) 6.930799404093576e-06
((2, 0, 2), (3, 0, 2)) 6.928874272546676e-06
((3, 0, 2), (1, 0, 0)) 2.3591800679484258e-06
((3, 0, 2), (2, 0, 0)) 2.520552398386819e-06
((3, 0, 2), (3, 0, 0)) 2.5204025619922393e-06
((3, 0, 2), (1, 0, 2)) 4.791587516073494e-06
((3, 0, 2), (2, 0, 2)) 6.930799404093576e-06
((3, 0, 2), (3, 0, 2)) 6.928874272546676e-06
((1, 0, 0), (0, 0, 2)) 5.86111591899682e-05
((2, 0, 0), (0, 0, 2)) 5.604483579225029e-05
((3, 0, 0), (0, 0, 2)) 5.6044847497834044e-05
((1, 0, 2), (0, 0, 2)) 0.00021944993046637916
((1, 0, 2), (0, 0, 0)) 0.00012039436368730582
((2, 0, 2), (0, 0, 2)) 0.00018208734522503293
((2, 0, 2), (0, 0, 0)) 0.00017232057503066903
((3, 0, 2), (0, 0, 2)) 0.00018208734522503293
((3, 0, 2), (0, 0, 0)) 0.00017232057503066903
((0, 0, 2), (1, 0, 0)) 5.8611159189968206e-05
((0, 0, 2), (2, 0, 0)) 5.604483579225029e-05
((0, 0, 2), (3, 0, 0)) 5.6044847497834044e-05
((0, 0, 2), (1, 0, 2)) 0.0002194499304663791
((0, 0, 2), (2, 0, 2)) 0.00018208734522503283
((0, 0, 2), (3, 0, 2)) 0.00018208750415210897
((0, 0, 0), (1, 0, 2)) 0.00012039436368730578
((0, 0, 0), (2, 0, 2)) 0.00017232057503066897
((0, 0, 0), (3, 0, 2)) 0.0001723203534832002
((0, 0, 2), (0, 0, 0)) 0.012991306760825785
((0, 0, 0), (0, 0, 2)) 0.012991306760825789
((1, 0, 0), (0, 1, 2)) 7.01044965344205e-05
((2, 0, 0), (0, 1, 2)) 6.703493405624654e-05
((3, 0, 0), (0, 1, 2)) 6.703494118213091e-05
((1, 0, 2), (0, 1, 2)) 0.00026248290042922665
((1, 0, 2), (0, 1, 0)) 0.00014400305978135185
((2, 0, 2), (0, 1, 2)) 0.00021779375576949352
((2, 0, 2), (0, 1, 0)) 0.00020611166251077186
((3, 0, 2), (0, 1, 2)) 0.00021779375576949352
((3, 0, 2), (0, 1, 0)) 0.00020611166251077186
((0, 1, 2), (1, 0, 0)) 7.010449653442046e-05
((0, 1, 2), (2, 0, 0)) 6.703493405624653e-05
((0, 1, 2), (3, 0, 0)) 6.70349411821309e-05
((0, 1, 2), (1, 0, 2)) 0.0002624829004292265
((0, 1, 2), (2, 0, 2)) 0.0002177937557694933
((0, 1, 2), (3, 0, 2)) 0.00021779385251784793
((0, 1, 0), (1, 0, 2)) 0.0001440030597813517
((0, 1, 0), (2, 0, 2)) 0.00020611166251077178
((0, 1, 0), (3, 0, 2)) 0.00020611152764166322
((0, 1, 2), (0, 1, 0)) 0.011330026374544604
((0, 1, 0), (0, 1, 2)) 0.011330026374544605
((0, 1, 2), (0, 0, 0)) 0.008022754926737789
((0, 1, 0), (0, 0, 2)) 0.008022754926737789
((0, 0, 2), (0, 1, 0)) 0.00802275492673779
((0, 0, 0), (0, 1, 2)) 0.00802275492673779
((1, 0, 0), (0, 2, 2)) 8.039751333311538e-05
((2, 0, 0), (0, 2, 2)) 7.685473628382343e-05
((3, 0, 0), (0, 2, 2)) 7.685473883000844e-05
((1, 0, 2), (0, 2, 2)) 0.00030159198989661214
((1, 0, 2), (0, 2, 0)) 0.00016517538171537257
((2, 0, 2), (0, 2, 2)) 0.0002500771646029972
((2, 0, 2), (0, 2, 0)) 0.00023677398651569896
((3, 0, 2), (0, 2, 2)) 0.0002500771646029972
((3, 0, 2), (0, 2, 0)) 0.00023677398651569896
((0, 2, 2), (1, 0, 0)) 8.039751333311539e-05
((0, 2, 2), (2, 0, 0)) 7.685473628382345e-05
((0, 2, 2), (3, 0, 0)) 7.685473883000844e-05
((0, 2, 2), (1, 0, 2)) 0.00030159198989661203
((0, 2, 2), (2, 0, 2)) 0.0002500771646029971
((0, 2, 2), (3, 0, 2)) 0.00025007719917263024
((0, 2, 0), (1, 0, 2)) 0.0001651753817153725
((0, 2, 0), (2, 0, 2)) 0.00023677398651569898
((0, 2, 0), (3, 0, 2)) 0.0002367739383249507
((0, 2, 2), (0, 2, 0)) 0.011220131014361048
((0, 2, 0), (0, 2, 2)) 0.01122013101436105
((0, 2, 2), (0, 0, 0)) 0.00801199574518103
((0, 2, 0), (0, 0, 2)) 0.008011995745181032
((0, 0, 2), (0, 2, 0)) 0.008011995745181032
((0, 0, 0), (0, 2, 2)) 0.008011995745181032
((0, 2, 2), (0, 1, 0)) 0.009583104866247156
((0, 2, 0), (0, 1, 2)) 0.009583104866247156
((0, 1, 2), (0, 2, 0)) 0.009583104866247152
((0, 1, 0), (0, 2, 2)) 0.009583104866247154
((1, 1, 1), (1, 1, 2)) 1.0950202462740605e-06
((2, 1, 1), (1, 1, 2)) 7.967615083300325e-07
((3, 1, 1), (1, 1, 2)) 7.967615086386919e-07
((1, 1, 1), (2, 1, 2)) 8.808461905728837e-07
((2, 1, 1), (2, 1, 2)) 1.0204240567218409e-06
((3, 1, 1), (2, 1, 2)) 1.0203263682191684e-06
((1, 1, 1), (3, 1, 2)) 8.808461866818585e-07
((2, 1, 1), (3, 1, 2)) 1.0203263640194834e-06
((3, 1, 1), (3, 1, 2)) 1.0204240531761457e-06
((1, 1, 2), (1, 1, 1)) 1.0950202462740608e-06
((1, 1, 2), (2, 1, 1)) 7.967615083300327e-07
((1, 1, 2), (3, 1, 1)) 7.967615086386921e-07
((1, 1, 2), (1, 1, 2)) 4.002321002181644e-06
((1, 1, 2), (2, 1, 2)) 2.018963402600413e-06
((1, 1, 2), (3, 1, 2)) 2.0189634037236283e-06
((2, 1, 2), (1, 1, 1)) 8.808461905728837e-07
((2, 1, 2), (2, 1, 1)) 1.0204240567218404e-06
((2, 1, 2), (3, 1, 1)) 1.020326368219168e-06
((2, 1, 2), (1, 1, 2)) 2.018963402600413e-06
((2, 1, 2), (2, 1, 2)) 2.9458594722228484e-06
((2, 1, 2), (3, 1, 2)) 2.9452229182192e-06
((3, 1, 2), (1, 1, 1)) 8.808461905728837e-07
((3, 1, 2), (2, 1, 1)) 1.0204240567218404e-06
((3, 1, 2), (3, 1, 1)) 1.020326368219168e-06
((3, 1, 2), (1, 1, 2)) 2.018963402600413e-06
((3, 1, 2), (2, 1, 2)) 2.9458594722228484e-06
((3, 1, 2), (3, 1, 2)) 2.9452229182192e-06
((1, 1, 1), (0, 0, 2)) 3.843924562273223e-05
((2, 1, 1), (0, 0, 2)) 3.588281980723111e-05
((3, 1, 1), (0, 0, 2)) 3.588282877050659e-05
((1, 1, 2), (0, 0, 2)) 0.00013124999578051065
((1, 1, 2), (0, 0, 1)) 8.29476845517749e-05
((2, 1, 2), (0, 0, 2)) 0.0001143616867251903
((2, 1, 2), (0, 0, 1)) 9.983599360709522e-05
((3, 1, 2), (0, 0, 2)) 0.0001143616867251903
((3, 1, 2), (0, 0, 1)) 9.983599360709522e-05
((0, 0, 2), (1, 1, 1)) 3.843924562273219e-05
((0, 0, 2), (2, 1, 1)) 3.588281980723107e-05
((0, 0, 2), (3, 1, 1)) 3.5882828770506534e-05
((0, 0, 2), (1, 1, 2)) 0.00013124999578051052
((0, 0, 2), (2, 1, 2)) 0.00011436168672519017
((0, 0, 2), (3, 1, 2)) 0.00011436174498542208
((0, 0, 1), (1, 1, 2)) 8.294768455177482e-05
((0, 0, 1), (2, 1, 2)) 9.983599360709514e-05
((0, 0, 1), (3, 1, 2)) 9.983593534686324e-05
((0, 0, 2), (0, 0, 1)) 0.013116878218007787
((0, 0, 1), (0, 0, 2)) 0.013116878218007787
((1, 1, 1), (0, 1, 2)) 4.59769781350466e-05
((2, 1, 1), (0, 1, 2)) 4.2919253374494095e-05
((3, 1, 1), (0, 1, 2)) 4.291925883097248e-05
((1, 1, 2), (0, 1, 2)) 0.00015698742524561921
((1, 1, 2), (0, 1, 1)) 9.921328635234933e-05
((2, 1, 2), (0, 1, 2)) 0.0001367874252709471
((2, 1, 2), (0, 1, 1)) 0.00011941328632702138
((3, 1, 2), (0, 1, 2)) 0.0001367874252709471
((3, 1, 2), (0, 1, 1)) 0.00011941328632702138
((0, 1, 2), (1, 1, 1)) 4.597697813504654e-05
((0, 1, 2), (2, 1, 1)) 4.2919253374494034e-05
((0, 1, 2), (3, 1, 1)) 4.29192588309724e-05
((0, 1, 2), (1, 1, 2)) 0.00015698742524561897
((0, 1, 2), (2, 1, 2)) 0.0001367874252709469
((0, 1, 2), (3, 1, 2)) 0.00013678746073741188
((0, 1, 1), (1, 1, 2)) 9.921328635234922e-05
((0, 1, 1), (2, 1, 2)) 0.00011941328632702126
((0, 1, 1), (3, 1, 2)) 0.00011941325086055628
((0, 1, 2), (0, 1, 1)) 0.011439544371440536
((0, 1, 1), (0, 1, 2)) 0.011439544371440534
((0, 1, 2), (0, 0, 1)) 0.008100302417316428
((0, 1, 1), (0, 0, 2)) 0.008100302417316426
((0, 0, 2), (0, 1, 1)) 0.00810030241731643
((0, 0, 1), (0, 1, 2)) 0.008100302417316428
((1, 1, 1), (0, 2, 2)) 5.2803839606817e-05
((2, 1, 1), (0, 2, 2)) 4.9289688359494787e-05
((3, 1, 1), (0, 2, 2)) 4.9289690309176075e-05
((1, 1, 2), (0, 2, 2)) 0.0001803607106634452
((1, 1, 2), (0, 2, 1)) 0.00011396589069928798
((2, 1, 2), (0, 2, 2)) 0.0001571507449829391
((2, 1, 2), (0, 2, 1)) 0.00013717585637979402
((3, 1, 2), (0, 2, 2)) 0.0001571507449829391
((3, 1, 2), (0, 2, 1)) 0.00013717585637979402
((0, 2, 2), (1, 1, 1)) 5.2803839606816956e-05
((0, 2, 2), (2, 1, 1)) 4.9289688359494726e-05
((0, 2, 2), (3, 1, 1)) 4.9289690309176e-05
((0, 2, 2), (1, 1, 2)) 0.000180360710663445
((0, 2, 2), (2, 1, 2)) 0.0001571507449829389
((0, 2, 2), (3, 1, 2)) 0.00015715075765563693
((0, 2, 1), (1, 1, 2)) 0.00011396589069928787
((0, 2, 1), (2, 1, 2)) 0.00013717585637979394
((0, 2, 1), (3, 1, 2)) 0.0001371758437070959
((0, 2, 2), (0, 2, 1)) 0.011359724978764852
((0, 2, 1), (0, 2, 2)) 0.011359724978764852
((0, 2, 2), (0, 0, 1)) 0.008100514163185071
((0, 2, 1), (0, 0, 2)) 0.00810051416318507
((0, 0, 2), (0, 2, 1)) 0.008100514163185071
((0, 0, 1), (0, 2, 2)) 0.00810051416318507
((0, 2, 2), (0, 1, 1)) 0.00968898210042813
((0, 2, 1), (0, 1, 2)) 0.00968898210042813
((0, 1, 2), (0, 2, 1)) 0.009688982100428126
((0, 1, 1), (0, 2, 2)) 0.009688982100428126
((1, 1, 2), (1, 0, 0)) 7.157010052083391e-07
((2, 1, 2), (1, 0, 0)) 7.15701005208339e-07
((3, 1, 2), (1, 0, 0)) 7.15701005208339e-07
((1, 1, 2), (2, 0, 0)) 6.782969827861637e-07
((2, 1, 2), (2, 0, 0)) 6.782969827861637e-07
((3, 1, 2), (2, 0, 0)) 6.782969827861637e-07
((1, 1, 2), (3, 0, 0)) 6.782969848974666e-07
((2, 1, 2), (3, 0, 0)) 6.782969848974666e-07
((3, 1, 2), (3, 0, 0)) 6.782969848974666e-07
((1, 1, 1), (1, 0, 2)) 9.492818430661233e-07
((2, 1, 1), (1, 0, 2)) 8.74830593641919e-07
((3, 1, 1), (1, 0, 2)) 8.748305961685317e-07
((1, 1, 2), (1, 0, 2)) 3.3908119995161444e-06
((1, 1, 2), (1, 0, 1)) 2.053918822476797e-06
((2, 1, 2), (1, 0, 2)) 2.908262451867128e-06
((2, 1, 2), (1, 0, 1)) 2.536468370125812e-06
((3, 1, 2), (1, 0, 2)) 2.908262451867128e-06
((3, 1, 2), (1, 0, 1)) 2.536468370125812e-06
((1, 1, 1), (2, 0, 2)) 8.018674877068869e-07
((2, 1, 1), (2, 0, 2)) 7.826751751782493e-07
((3, 1, 1), (2, 0, 2)) 7.826581334252734e-07
((1, 1, 2), (2, 0, 2)) 2.72026531438807e-06
((1, 1, 2), (2, 0, 1)) 1.9676216133061507e-06
((2, 1, 2), (2, 0, 2)) 2.5915763399002204e-06
((2, 1, 2), (2, 0, 1)) 2.096310587794e-06
((3, 1, 2), (2, 0, 2)) 2.5915763399002204e-06
((3, 1, 2), (2, 0, 1)) 2.096310587794e-06
((1, 1, 1), (3, 0, 2)) 8.018674944094396e-07
((2, 1, 1), (3, 0, 2)) 7.826581376012134e-07
((3, 1, 1), (3, 0, 2)) 7.826751825212248e-07
((1, 1, 2), (3, 0, 2)) 2.720265342229954e-06
((1, 1, 2), (3, 0, 1)) 1.967621626935359e-06
((2, 1, 2), (3, 0, 2)) 2.5914671728529817e-06
((2, 1, 2), (3, 0, 1)) 2.0964197963123313e-06
((3, 1, 2), (3, 0, 2)) 2.5914671728529817e-06
((3, 1, 2), (3, 0, 1)) 2.0964197963123313e-06
((1, 0, 0), (1, 1, 2)) 7.157010052083387e-07
((1, 0, 0), (2, 1, 2)) 7.157010052083388e-07
((1, 0, 0), (3, 1, 2)) 7.15701005208339e-07
((2, 0, 0), (1, 1, 2)) 6.782969827861633e-07
((2, 0, 0), (2, 1, 2)) 6.782969827861632e-07
((2, 0, 0), (3, 1, 2)) 6.782969827861636e-07
((3, 0, 0), (1, 1, 2)) 6.782969848974665e-07
((3, 0, 0), (2, 1, 2)) 6.782969848974665e-07
((3, 0, 0), (3, 1, 2)) 6.782969848974666e-07
((1, 0, 2), (1, 1, 1)) 9.492818430661226e-07
((1, 0, 2), (2, 1, 1)) 8.748305936419182e-07
((1, 0, 2), (3, 1, 1)) 8.748305961685306e-07
((1, 0, 2), (1, 1, 2)) 3.39081199951614e-06
((1, 0, 2), (2, 1, 2)) 2.9082624518671246e-06
((1, 0, 2), (3, 1, 2)) 2.90826246826775e-06
((1, 0, 1), (1, 1, 2)) 2.0539188224767955e-06
((1, 0, 1), (2, 1, 2)) 2.536468370125811e-06
((1, 0, 1), (3, 1, 2)) 2.5364683537251856e-06
((1, 0, 2), (1, 0, 1)) 4.59983221430716e-06
((1, 0, 1), (1, 0, 2)) 4.599832214307159e-06
((1, 0, 2), (2, 0, 1)) 2.653704094173553e-06
((1, 0, 1), (2, 0, 2)) 2.6537040941735527e-06
((1, 0, 2), (3, 0, 1)) 2.653704108850402e-06
((1, 0, 1), (3, 0, 2)) 2.653704108850402e-06
((2, 0, 2), (1, 1, 1)) 8.018674877068869e-07
((2, 0, 2), (2, 1, 1)) 7.826751751782491e-07
((2, 0, 2), (3, 1, 1)) 7.826581334252731e-07
((2, 0, 2), (1, 1, 2)) 2.7202653143880688e-06
((2, 0, 2), (2, 1, 2)) 2.5915763399002196e-06
((2, 0, 2), (3, 1, 2)) 2.5914671614117214e-06
((2, 0, 1), (1, 1, 2)) 1.96762161330615e-06
((2, 0, 1), (2, 1, 2)) 2.0963105877939995e-06
((2, 0, 1), (3, 1, 2)) 2.0964197662824972e-06
((2, 0, 2), (1, 0, 1)) 2.653704094173552e-06
((2, 0, 1), (1, 0, 2)) 2.6537040941735523e-06
((2, 0, 2), (2, 0, 1)) 3.7902985100945736e-06
((2, 0, 1), (2, 0, 2)) 3.7902985100945745e-06
((2, 0, 2), (3, 0, 1)) 3.789387748261545e-06
((2, 0, 1), (3, 0, 2)) 3.7893877482615457e-06
((3, 0, 2), (1, 1, 1)) 8.018674877068869e-07
((3, 0, 2), (2, 1, 1)) 7.826751751782491e-07
((3, 0, 2), (3, 1, 1)) 7.826581334252731e-07
((3, 0, 2), (1, 1, 2)) 2.7202653143880688e-06
((3, 0, 2), (2, 1, 2)) 2.5915763399002196e-06
((3, 0, 2), (3, 1, 2)) 2.5914671614117214e-06
((3, 0, 1), (1, 1, 2)) 1.96762161330615e-06
((3, 0, 1), (2, 1, 2)) 2.0963105877939995e-06
((3, 0, 1), (3, 1, 2)) 2.0964197662824972e-06
((3, 0, 2), (1, 0, 1)) 2.653704094173552e-06
((3, 0, 1), (1, 0, 2)) 2.6537040941735523e-06
((3, 0, 2), (2, 0, 1)) 3.7902985100945736e-06
((3, 0, 1), (2, 0, 2)) 3.7902985100945745e-06
((3, 0, 2), (3, 0, 1)) 3.789387748261545e-06
((3, 0, 1), (3, 0, 2)) 3.7893877482615457e-06
((1, 1, 2), (0, 0, 0)) 6.266168416601989e-05
((2, 1, 2), (0, 0, 0)) 6.266168416601986e-05
((3, 1, 2), (0, 0, 0)) 6.266168416601986e-05
((1, 0, 2), (0, 0, 1)) 0.000121587980010157
((1, 0, 1), (0, 0, 2)) 0.00012158798001015697
((2, 0, 2), (0, 0, 1)) 0.00010702435390813988
((2, 0, 1), (0, 0, 2)) 0.0001070243539081399
((3, 0, 2), (0, 0, 1)) 0.00010702435390813988
((3, 0, 1), (0, 0, 2)) 0.0001070243539081399
((0, 0, 2), (1, 0, 1)) 0.00012158798001015697
((0, 0, 1), (1, 0, 2)) 0.00012158798001015693
((0, 0, 2), (2, 0, 1)) 0.0001070243539081399
((0, 0, 1), (2, 0, 2)) 0.0001070243539081399
((0, 0, 2), (3, 0, 1)) 0.00010702441652853258
((0, 0, 1), (3, 0, 2)) 0.0001070244165285326
((0, 0, 0), (1, 1, 2)) 6.266168416601982e-05
((0, 0, 0), (2, 1, 2)) 6.266168416601983e-05
((0, 0, 0), (3, 1, 2)) 6.266168416601983e-05
((1, 1, 2), (0, 1, 0)) 7.494930783562494e-05
((2, 1, 2), (0, 1, 0)) 7.494930783562491e-05
((3, 1, 2), (0, 1, 0)) 7.494930783562491e-05
((1, 0, 2), (0, 1, 1)) 0.00014543073884541014
((1, 0, 1), (0, 1, 2)) 0.00014543073884541011
((2, 0, 2), (0, 1, 1)) 0.0001280112807757231
((2, 0, 1), (0, 1, 2)) 0.0001280112807757231
((3, 0, 2), (0, 1, 1)) 0.0001280112807757231
((3, 0, 1), (0, 1, 2)) 0.0001280112807757231
((0, 1, 2), (1, 0, 1)) 0.00014543073884541003
((0, 1, 1), (1, 0, 2)) 0.00014543073884540998
((0, 1, 2), (2, 0, 1)) 0.00012801128077572307
((0, 1, 1), (2, 0, 2)) 0.00012801128077572307
((0, 1, 2), (3, 0, 1)) 0.00012801131889647697
((0, 1, 1), (3, 0, 2)) 0.000128011318896477
((0, 1, 0), (1, 1, 2)) 7.494930783562482e-05
((0, 1, 0), (2, 1, 2)) 7.494930783562483e-05
((0, 1, 0), (3, 1, 2)) 7.494930783562485e-05
((1, 1, 2), (0, 2, 0)) 8.592801749548006e-05
((2, 1, 2), (0, 2, 0)) 8.592801749548003e-05
((3, 1, 2), (0, 2, 0)) 8.592801749548003e-05
((1, 0, 2), (0, 2, 1)) 0.00016699032648503684
((1, 0, 1), (0, 2, 2)) 0.0001669903264850368
((2, 0, 2), (0, 2, 1)) 0.00014690654697832505
((2, 0, 1), (0, 2, 2)) 0.00014690654697832505
((3, 0, 2), (0, 2, 1)) 0.00014690654697832505
((3, 0, 1), (0, 2, 2)) 0.00014690654697832505
((0, 2, 2), (1, 0, 1)) 0.00016699032648503676
((0, 2, 1), (1, 0, 2)) 0.00016699032648503673
((0, 2, 2), (2, 0, 1)) 0.00014690654697832508
((0, 2, 1), (2, 0, 2)) 0.00014690654697832508
((0, 2, 2), (3, 0, 1)) 0.00014690656059944022
((0, 2, 1), (3, 0, 2)) 0.00014690656059944022
((0, 2, 0), (1, 1, 2)) 8.592801749547998e-05
((0, 2, 0), (2, 1, 2)) 8.592801749547998e-05
((0, 2, 0), (3, 1, 2)) 8.592801749548e-05
((1, 2, 2), (0, 0, 2)) 3.367183084261169e-05
((2, 2, 2), (0, 0, 2)) 3.367183084261169e-05
((3, 2, 2), (0, 0, 2)) 3.367183084261169e-05
((0, 0, 2), (1, 2, 2)) 3.367183084261164e-05
((0, 0, 2), (2, 2, 2)) 3.367183084261164e-05
((0, 0, 2), (3, 2, 2)) 3.367183084261164e-05
((1, 2, 2), (0, 1, 2)) 4.027469866669708e-05
((2, 2, 2), (0, 1, 2)) 4.0274698666697075e-05
((3, 2, 2), (0, 1, 2)) 4.0274698666697075e-05
((0, 1, 2), (1, 2, 2)) 4.0274698666697e-05
((0, 1, 2), (2, 2, 2)) 4.0274698666697e-05
((0, 1, 2), (3, 2, 2)) 4.0274698666697e-05
((1, 2, 2), (0, 2, 2)) 4.627516846325974e-05
((2, 2, 2), (0, 2, 2)) 4.627516846325974e-05
((3, 2, 2), (0, 2, 2)) 4.627516846325974e-05
((0, 2, 2), (1, 2, 2)) 4.627516846325967e-05
((0, 2, 2), (2, 2, 2)) 4.627516846325967e-05
((0, 2, 2), (3, 2, 2)) 4.627516846325967e-05
((1, 2, 2), (1, 0, 2)) 8.710007464845257e-07
((2, 2, 2), (1, 0, 2)) 8.710007464845257e-07
((3, 2, 2), (1, 0, 2)) 8.710007464845258e-07
((1, 2, 2), (2, 0, 2)) 7.435073983913887e-07
((2, 2, 2), (2, 0, 2)) 7.435073983913887e-07
((3, 2, 2), (2, 0, 2)) 7.435073983913887e-07
((1, 2, 2), (3, 0, 2)) 7.435074053708815e-07
((2, 2, 2), (3, 0, 2)) 7.435074053708813e-07
((3, 2, 2), (3, 0, 2)) 7.435074053708813e-07
((1, 0, 2), (1, 2, 2)) 8.710007464845244e-07
((1, 0, 2), (2, 2, 2)) 8.710007464845245e-07
((1, 0, 2), (3, 2, 2)) 8.710007464845244e-07
((2, 0, 2), (1, 2, 2)) 7.43507398391388e-07
((2, 0, 2), (2, 2, 2)) 7.43507398391388e-07
((2, 0, 2), (3, 2, 2)) 7.435073983913879e-07
((3, 0, 2), (1, 2, 2)) 7.43507398391388e-07
((3, 0, 2), (2, 2, 2)) 7.43507398391388e-07
((3, 0, 2), (3, 2, 2)) 7.435073983913879e-07
((1, 2, 2), (1, 1, 2)) 5.499667549868003e-07
((2, 2, 2), (1, 1, 2)) 5.499667549868003e-07
((3, 2, 2), (1, 1, 2)) 5.499667549868003e-07
((1, 2, 2), (2, 1, 2)) 5.156829760508396e-07
((2, 2, 2), (2, 1, 2)) 5.156829760508396e-07
((3, 2, 2), (2, 1, 2)) 5.156829760508397e-07
((1, 2, 2), (3, 1, 2)) 5.156829777654711e-07
((2, 2, 2), (3, 1, 2)) 5.156829777654711e-07
((3, 2, 2), (3, 1, 2)) 5.15682977765471e-07
((1, 1, 2), (1, 2, 2)) 5.499667549868001e-07
((1, 1, 2), (2, 2, 2)) 5.499667549868001e-07
((1, 1, 2), (3, 2, 2)) 5.499667549868001e-07
((2, 1, 2), (1, 2, 2)) 5.156829760508394e-07
((2, 1, 2), (2, 2, 2)) 5.156829760508394e-07
((2, 1, 2), (3, 2, 2)) 5.156829760508395e-07
((3, 1, 2), (1, 2, 2)) 5.156829760508394e-07
((3, 1, 2), (2, 2, 2)) 5.156829760508394e-07
((3, 1, 2), (3, 2, 2)) 5.156829760508395e-07